-0.00758 -0.00771 -0.00803 -0.00855 -0.00914 -0.00974 -0.01017 -0.01034 -0.01017 -0.00974 -0.00914 -0.00855 -0.00803 -0.00771 -0.00758 
-0.00771 -0.00782 -0.00820 -0.00876 -0.00946 -0.01013 -0.01066 -0.01085 -0.01066 -0.01013 -0.00946 -0.00876 -0.00820 -0.00782 -0.00771 
-0.00803 -0.00820 -0.00867 -0.00944 -0.01038 -0.01140 -0.01220 -0.01255 -0.01220 -0.01140 -0.01038 -0.00944 -0.00867 -0.00820 -0.00803 
-0.00855 -0.00876 -0.00944 -0.01052 -0.01201 -0.01369 -0.01524 -0.01596 -0.01524 -0.01369 -0.01201 -0.01052 -0.00944 -0.00876 -0.00855 
-0.00914 -0.00946 -0.01038 -0.01201 -0.01436 -0.01743 -0.02069 -0.02267 -0.02069 -0.01743 -0.01436 -0.01201 -0.01038 -0.00946 -0.00914 
-0.00974 -0.01013 -0.01140 -0.01369 -0.01743 -0.02306 -0.03074 -0.03763 -0.03074 -0.02306 -0.01743 -0.01369 -0.01140 -0.01013 -0.00974 
-0.01017 -0.01066 -0.01220 -0.01524 -0.02069 -0.03074 -0.04978 -0.08060 -0.04978 -0.03074 -0.02069 -0.01524 -0.01220 -0.01066 -0.01017 
-0.01034 -0.01085 -0.01255 -0.01596 -0.02267 -0.03763 -0.08060 -0.24718 -0.08060 -0.03763 -0.02267 -0.01596 -0.01255 -0.01085 -0.01034 
-0.01017 -0.01066 -0.01220 -0.01524 -0.02069 -0.03074 -0.04978 -0.08060 -0.04978 -0.03074 -0.02069 -0.01524 -0.01220 -0.01066 -0.01017 
-0.00974 -0.01013 -0.01140 -0.01369 -0.01743 -0.02306 -0.03074 -0.03763 -0.03074 -0.02306 -0.01743 -0.01369 -0.01140 -0.01013 -0.00974 
-0.00914 -0.00946 -0.01038 -0.01201 -0.01436 -0.01743 -0.02069 -0.02267 -0.02069 -0.01743 -0.01436 -0.01201 -0.01038 -0.00946 -0.00914 
-0.00855 -0.00876 -0.00944 -0.01052 -0.01201 -0.01369 -0.01524 -0.01596 -0.01524 -0.01369 -0.01201 -0.01052 -0.00944 -0.00876 -0.00855 
-0.00803 -0.00820 -0.00867 -0.00944 -0.01038 -0.01140 -0.01220 -0.01255 -0.01220 -0.01140 -0.01038 -0.00944 -0.00867 -0.00820 -0.00803 
-0.00771 -0.00782 -0.00820 -0.00876 -0.00946 -0.01013 -0.01066 -0.01085 -0.01066 -0.01013 -0.00946 -0.00876 -0.00820 -0.00782 -0.00771 
-0.00758 -0.00771 -0.00803 -0.00855 -0.00914 -0.00974 -0.01017 -0.01034 -0.01017 -0.00974 -0.00914 -0.00855 -0.00803 -0.00771 -0.00758 
