-0.02056 -0.02206 -0.02581 -0.02880 -0.02581 -0.02206 -0.02056 
-0.02206 -0.02432 -0.03057 -0.03720 -0.03057 -0.02432 -0.02206 
-0.02581 -0.03057 -0.04708 -0.07715 -0.04708 -0.03057 -0.02581 
-0.02880 -0.03720 -0.07715 -0.24285 -0.07715 -0.03720 -0.02880 
-0.02581 -0.03057 -0.04708 -0.07715 -0.04708 -0.03057 -0.02581 
-0.02206 -0.02432 -0.03057 -0.03720 -0.03057 -0.02432 -0.02206 
-0.02056 -0.02206 -0.02581 -0.02880 -0.02581 -0.02206 -0.02056 
